0 0.258536585366 0.860197368421 0.0682926829268 0.411184210526
0 0.826829268293 0.738486842105 0.0861788617886 0.325657894737
0 0.717886178862 0.669407894737 0.0569105691057 0.253289473684
0 0.608130081301 0.641447368421 0.0617886178862 0.269736842105
0 0.548780487805 0.625 0.079674796748 0.25
0 0.438211382114 0.588815789474 0.0536585365854 0.236842105263
0 0.481300813008 0.601973684211 0.0585365853659 0.25
0 0.388617886179 0.577302631579 0.0390243902439 0.246710526316
0 0.155284552846 0.575657894737 0.0406504065041 0.217105263158
0 0.079674796748 0.498355263158 0.0455284552846 0.200657894737
0 0.0235772357724 0.434210526316 0.0373983739837 0.157894736842
0 0.108943089431 0.378289473684 0.0390243902439 0.138157894737
0 0.149593495935 0.388157894737 0.0260162601626 0.111842105263
0 0.192682926829 0.439144736842 0.0373983739837 0.194078947368
0 0.317073170732 0.534539473684 0.0455284552846 0.220394736842
0 0.361788617886 0.564144736842 0.0373983739837 0.226973684211
