0 0.660322108346 0.770683453237 0.0497803806735 0.275179856115
0 0.702049780381 0.846223021583 0.0717423133236 0.311151079137
0 0.777086383602 0.873201438849 0.0563689604685 0.25
0 0.61383601757 0.717625899281 0.0461200585652 0.244604316547
0 0.571010248902 0.670863309353 0.0468521229868 0.219424460432
0 0.530014641288 0.64118705036 0.0439238653001 0.188848920863
0 0.495973645681 0.615107913669 0.0344070278184 0.187050359712
0 0.471815519766 0.594424460432 0.0300146412884 0.170863309353
0 0.450219619327 0.58273381295 0.0278184480234 0.154676258993
0 0.427891654466 0.567446043165 0.0314787701318 0.156474820144
0 0.253660322108 0.872302158273 0.0519765739385 0.255395683453
0 0.257320644217 0.567446043165 0.0241581259151 0.138489208633
0 0.271229868228 0.50809352518 0.0212298682284 0.0953237410072
0 0.151903367496 0.500899280576 0.0212298682284 0.102517985612
0 0.086383601757 0.502697841727 0.0278184480234 0.109712230216
0 0.213396778917 0.666366906475 0.0226939970717 0.0881294964029
0 0.237554904832 0.848920863309 0.0256222547584 0.276978417266
