0 0.892717 0.415680 0.214567 0.724852
0 0.689961 0.331361 0.210630 0.550296
0 0.522638 0.275148 0.183071 0.455621
0 0.396654 0.242604 0.135827 0.402367
0 0.270669 0.204142 0.116142 0.337278
0 0.205709 0.183432 0.084646 0.301775
0 0.154528 0.167160 0.072835 0.269231
0 0.105315 0.152367 0.064961 0.245562
0 0.047244 0.128698 0.051181 0.221893
0 0.873031 0.128698 0.080709 0.215976
0 0.788386 0.122781 0.088583 0.204142
0 0.640748 0.107988 0.061024 0.180473
0 0.593504 0.103550 0.057087 0.165680
0 0.451772 0.085799 0.037402 0.142012
0 0.353346 0.078402 0.049213 0.115385
0 0.323819 0.076923 0.033465 0.112426
