0 0.176563 0.652083 0.151562 0.534722
0 0.105078 0.450694 0.074219 0.326389
0 0.052344 0.242361 0.078125 0.220833
0 0.072656 0.120139 0.050000 0.151389
0 0.152344 0.121528 0.046875 0.148611
0 0.235547 0.123611 0.052344 0.158333
0 0.188281 0.254861 0.076563 0.240278
0 0.310937 0.131250 0.057813 0.156944
0 0.323828 0.277083 0.064844 0.234722
0 0.389844 0.434722 0.100000 0.375000
0 0.444531 0.312500 0.081250 0.258333
0 0.525000 0.632639 0.126563 0.540278
0 0.895312 0.612500 0.120312 0.533333
0 0.961328 0.428472 0.077344 0.362500
0 0.747656 0.385417 0.096875 0.295833
0 0.650391 0.427778 0.091406 0.336111
0 0.576953 0.340278 0.071094 0.269444
0 0.384766 0.136111 0.055469 0.147222
0 0.469141 0.130556 0.053906 0.144444
0 0.562500 0.145139 0.051562 0.145833
0 0.653906 0.146528 0.043750 0.151389
0 0.748438 0.148611 0.057813 0.147222
0 0.845703 0.145139 0.067969 0.165278
0 0.951953 0.147222 0.046094 0.158333
