0 0.641016 0.147917 0.066406 0.165278
0 0.752344 0.147222 0.046875 0.133333
0 0.881641 0.142361 0.042969 0.134722
0 0.729297 0.695833 0.103906 0.458333
0 0.649219 0.532639 0.121875 0.384722
0 0.611328 0.420139 0.083594 0.315278
0 0.578516 0.347222 0.055469 0.244444
0 0.549609 0.310417 0.036719 0.256944
0 0.528516 0.267361 0.042969 0.229167
0 0.491016 0.199306 0.042969 0.179167
0 0.464063 0.165972 0.048437 0.154167
0 0.432422 0.152083 0.030469 0.159722
0 0.413281 0.131250 0.037500 0.131944
0 0.380078 0.119444 0.036719 0.127778
0 0.325781 0.110417 0.062500 0.129167
0 0.266406 0.113889 0.054688 0.136111
0 0.215625 0.115972 0.051562 0.131944
0 0.160938 0.111111 0.057813 0.130556
0 0.102734 0.115972 0.049219 0.137500
0 0.050391 0.118056 0.061719 0.130556
