0 0.981641 0.468750 0.036719 0.162500
0 0.934766 0.467361 0.052344 0.145833
0 0.879687 0.466667 0.071875 0.158333
0 0.830078 0.458333 0.061719 0.138889
0 0.777344 0.473611 0.059375 0.169444
0 0.722656 0.470833 0.050000 0.163889
0 0.669141 0.459028 0.067969 0.187500
0 0.615234 0.459722 0.082031 0.200000
0 0.560938 0.458333 0.078125 0.211111
0 0.504297 0.453472 0.089844 0.243056
0 0.452734 0.466667 0.077344 0.269444
0 0.400000 0.452778 0.071875 0.286111
0 0.357422 0.467361 0.103906 0.343056
0 0.295312 0.443750 0.089062 0.368056
0 0.190234 0.432639 0.160156 0.576389
