0 0.716797 0.688889 0.114844 0.500000
0 0.660156 0.536111 0.085938 0.366667
0 0.616406 0.424306 0.053125 0.329167
0 0.008203 0.141667 0.016406 0.152778
0 0.055469 0.131944 0.060938 0.138889
0 0.112891 0.118750 0.057031 0.148611
0 0.165234 0.116667 0.057031 0.144444
0 0.216016 0.113889 0.050781 0.136111
0 0.275000 0.110417 0.062500 0.143056
0 0.332812 0.108333 0.051562 0.152778
0 0.386719 0.120833 0.034375 0.161111
0 0.419141 0.134722 0.030469 0.155556
0 0.434766 0.153472 0.036719 0.168056
0 0.461328 0.175000 0.035156 0.163889
0 0.487891 0.188889 0.025781 0.166667
0 0.512891 0.231944 0.021094 0.202778
0 0.550781 0.288889 0.037500 0.238889
0 0.655469 0.148611 0.046875 0.144444
0 0.759766 0.154167 0.044531 0.141667
0 0.884375 0.143056 0.034375 0.130556
